
AMDuProfPcm Report

System:,Family(0x19) Model(0x1) Stepping(0x2)
Number of Sockets :,2
Number of CCDs :,16
Number of Cores :,48
Number of Threads :,96
SMT Enabled in HW:,True
SMT Enabled by OS :,True
Number of Threads sharing L3:,6

CPU Topology:
Socket, CCD, Core(s)
0,0, 0 1 2 48 49 50
0,1, 3 4 5 51 52 53
0,2, 6 7 8 54 55 56
0,3, 9 10 11 57 58 59
0,4, 12 13 14 60 61 62
0,5, 15 16 17 63 64 65
0,6, 18 19 20 66 67 68
0,7, 21 22 23 69 70 71
1,8, 24 25 26 72 73 74
1,9, 27 28 29 75 76 77
1,10, 30 31 32 78 79 80
1,11, 33 34 35 81 82 83
1,12, 36 37 38 84 85 86
1,13, 39 40 41 87 88 89
1,14, 42 43 44 90 91 92
1,15, 45 46 47 93 94 95

Core P0 state frequency (MHz):,2800.000000
Measured DF Frequency (MHz):,1234.428589
Multiplex interval (ms):,0
Version:,4.2.0

Hypervisor Info:
Hypervisor Enabled:,0

Abbreviation :
IPC    : Instructions Per CPU Cycle
CPI    : CPU Cycles Per Instructions
pti    : Per Thousand Instructions
ptc    : Per Thousand CPU Cycles

Profile Time: 2024/06/23 06:58:36:567
CORE METRICS
Metric,Core-0,Core-1,Core-2,Core-3,Core-4,Core-5,Core-6,Core-7,Core-8,Core-9,Core-10,Core-11,Core-12,Core-13,Core-14,Core-15,Core-16,Core-17,Core-18,Core-19,Core-20,Core-21,Core-22,Core-23,Core-24,Core-25,Core-26,Core-27,Core-28,Core-29,Core-30,Core-31,Core-32,Core-33,Core-34,Core-35,Core-36,Core-37,Core-38,Core-39,Core-40,Core-41,Core-42,Core-43,Core-44,Core-45,Core-46,Core-47,Core-48,Core-49,Core-50,Core-51,Core-52,Core-53,Core-54,Core-55,Core-56,Core-57,Core-58,Core-59,Core-60,Core-61,Core-62,Core-63,Core-64,Core-65,Core-66,Core-67,Core-68,Core-69,Core-70,Core-71,Core-72,Core-73,Core-74,Core-75,Core-76,Core-77,Core-78,Core-79,Core-80,Core-81,Core-82,Core-83,Core-84,Core-85,Core-86,Core-87,Core-88,Core-89,Core-90,Core-91,Core-92,Core-93,Core-94,Core-95
Utilization (%),0.85,0.37,0.04,0.03,0.04,0.03,0.02,0.01,0.07,0.08,19.16,0.43,0.04,0.06,0.02,0.04,1.42,0.07,0.04,0.03,0.07,0.04,0.03,0.10,86.12,4.41,0.05,0.40,0.03,0.03,0.07,0.03,0.03,0.02,0.03,0.06,0.06,0.07,0.02,0.03,0.03,0.03,0.09,0.03,0.05,0.09,0.03,0.02,0.02,0.06,0.18,0.02,0.07,0.11,0.02,0.02,0.03,0.07,80.98,0.03,0.08,0.02,0.02,0.02,0.04,0.02,0.02,0.02,0.04,0.03,0.03,0.02,9.70,0.03,0.05,0.02,0.04,0.05,0.02,0.03,0.02,0.02,0.28,0.03,0.02,0.02,0.02,0.06,0.02,0.02,0.02,0.02,0.03,0.03,0.05,0.03
Eff Freq,13.27,5.61,0.61,0.52,0.69,0.51,0.26,0.22,1.05,2.27,713.61,12.91,0.56,0.86,0.33,0.68,22.18,1.13,0.67,0.40,1.10,0.60,0.49,1.50,3207.66,162.33,1.36,5.95,0.39,0.51,1.10,0.40,0.44,0.29,0.46,0.84,0.96,1.13,0.39,0.47,0.49,0.54,1.48,0.53,0.79,1.42,0.42,0.34,0.36,0.95,2.77,0.34,1.15,1.59,0.34,0.29,0.49,2.19,3016.32,0.82,1.15,0.34,0.41,0.34,0.62,0.30,0.31,0.33,1.09,0.45,0.40,0.36,361.24,1.03,1.44,0.34,0.63,0.73,0.27,0.45,0.38,0.33,4.17,0.45,0.33,0.32,0.32,0.90,0.34,0.37,0.32,0.30,0.52,0.44,0.80,0.53
IPC (Sys + User),0.83,0.54,0.28,0.26,0.30,0.34,0.31,0.34,0.18,0.29,0.48,0.33,0.33,0.36,0.34,0.33,0.51,0.22,0.32,0.32,0.16,0.28,0.30,0.19,0.50,0.48,0.22,0.56,0.34,0.33,0.29,0.34,0.33,0.33,0.36,0.33,0.30,0.35,0.32,0.30,0.30,0.31,0.40,0.34,0.29,0.32,0.33,0.31,0.30,0.40,0.84,0.37,0.16,1.22,0.30,0.29,0.34,0.84,0.48,0.26,0.18,0.29,0.30,0.40,0.42,0.41,0.28,0.30,0.51,0.30,0.31,0.33,0.49,0.24,0.24,0.34,0.39,0.30,0.35,0.38,0.37,0.35,1.13,0.37,0.34,0.35,0.33,0.25,0.30,0.30,0.32,0.32,0.46,0.28,0.28,0.37
CPI (Sys + User),1.20,1.85,3.52,3.78,3.32,2.94,3.23,2.97,5.57,3.45,2.09,3.05,3.07,2.74,2.97,3.05,1.95,4.60,3.17,3.12,6.07,3.56,3.36,5.27,2.00,2.09,4.55,1.78,2.91,2.99,3.44,2.94,3.01,3.07,2.80,3.04,3.39,2.86,3.16,3.37,3.28,3.23,2.52,2.90,3.45,3.11,3.01,3.24,3.34,2.53,1.18,2.70,6.18,0.82,3.35,3.40,2.90,1.19,2.09,3.87,5.42,3.47,3.36,2.49,2.39,2.44,3.52,3.29,1.95,3.34,3.28,3.02,2.04,4.16,4.13,2.94,2.57,3.38,2.88,2.62,2.72,2.86,0.88,2.67,2.94,2.89,3.06,4.02,3.37,3.29,3.10,3.10,2.16,3.51,3.59,2.67
Branch Misprediction Ratio,0.10,0.09,0.16,0.12,0.09,0.14,0.16,0.16,0.17,0.18,0.14,0.20,0.14,0.09,0.16,0.12,0.10,0.16,0.09,0.15,0.18,0.13,0.12,0.14,0.14,0.14,0.20,0.13,0.16,0.16,0.13,0.16,0.16,0.16,0.15,0.17,0.16,0.13,0.15,0.16,0.15,0.15,0.10,0.14,0.17,0.15,0.15,0.16,0.13,0.10,0.12,0.13,0.17,0.07,0.15,0.15,0.14,0.07,0.14,0.16,0.16,0.15,0.15,0.14,0.10,0.15,0.15,0.15,0.10,0.14,0.16,0.15,0.14,0.16,0.21,0.16,0.14,0.16,0.15,0.14,0.14,0.15,0.03,0.15,0.15,0.14,0.15,0.16,0.14,0.14,0.15,0.15,0.10,0.15,0.16,0.14


