
AMDuProfPcm Report

System:,Family(0x19) Model(0x1) Stepping(0x2)
Number of Sockets :,2
Number of CCDs :,16
Number of Cores :,48
Number of Threads :,96
SMT Enabled in HW:,True
SMT Enabled by OS :,True
Number of Threads sharing L3:,6

CPU Topology:
Socket, CCD, Core(s)
0,0, 0 1 2 48 49 50
0,1, 3 4 5 51 52 53
0,2, 6 7 8 54 55 56
0,3, 9 10 11 57 58 59
0,4, 12 13 14 60 61 62
0,5, 15 16 17 63 64 65
0,6, 18 19 20 66 67 68
0,7, 21 22 23 69 70 71
1,8, 24 25 26 72 73 74
1,9, 27 28 29 75 76 77
1,10, 30 31 32 78 79 80
1,11, 33 34 35 81 82 83
1,12, 36 37 38 84 85 86
1,13, 39 40 41 87 88 89
1,14, 42 43 44 90 91 92
1,15, 45 46 47 93 94 95

Core P0 state frequency (MHz):,2800.000000
Measured DF Frequency (MHz):,1228.218872
Multiplex interval (ms):,500
Version:,4.2.0

Hypervisor Info:
Hypervisor Enabled:,0

Abbreviation :
IPC    : Instructions Per CPU Cycle
CPI    : CPU Cycles Per Instructions
pti    : Per Thousand Instructions
ptc    : Per Thousand CPU Cycles

Profile Time: 2024/06/23 07:00:17:803
CORE METRICS
Metric,Core-0,Core-1,Core-2,Core-3,Core-4,Core-5,Core-6,Core-7,Core-8,Core-9,Core-10,Core-11,Core-12,Core-13,Core-14,Core-15,Core-16,Core-17,Core-18,Core-19,Core-20,Core-21,Core-22,Core-23,Core-24,Core-25,Core-26,Core-27,Core-28,Core-29,Core-30,Core-31,Core-32,Core-33,Core-34,Core-35,Core-36,Core-37,Core-38,Core-39,Core-40,Core-41,Core-42,Core-43,Core-44,Core-45,Core-46,Core-47,Core-48,Core-49,Core-50,Core-51,Core-52,Core-53,Core-54,Core-55,Core-56,Core-57,Core-58,Core-59,Core-60,Core-61,Core-62,Core-63,Core-64,Core-65,Core-66,Core-67,Core-68,Core-69,Core-70,Core-71,Core-72,Core-73,Core-74,Core-75,Core-76,Core-77,Core-78,Core-79,Core-80,Core-81,Core-82,Core-83,Core-84,Core-85,Core-86,Core-87,Core-88,Core-89,Core-90,Core-91,Core-92,Core-93,Core-94,Core-95
L2 Access (pti),67.93,107.23,94.13,70.70,67.19,209.21,86.26,68.80,98.64,63.83,77.85,56.67,133.56,80.69,79.06,76.42,76.38,71.36,78.75,72.94,95.96,74.63,72.89,98.97,110.95,228.28,117.71,59.49,57.98,73.18,119.33,83.36,43.53,63.59,58.01,84.55,87.50,108.52,72.69,65.32,64.72,56.62,83.58,84.19,84.15,133.72,67.68,59.04,61.45,102.72,59.63,65.87,76.84,69.81,48.59,52.70,65.60,166.63,96.80,83.47,85.86,55.62,52.74,53.78,78.88,53.48,111.31,53.15,52.43,52.06,52.49,52.05,171.15,95.49,193.55,47.29,64.25,76.41,79.03,55.96,50.17,44.47,118.96,81.30,42.22,47.55,44.24,75.83,46.87,48.26,46.69,46.71,48.18,55.13,48.65,81.66
L2 Access from IC Miss (pti),17.11,54.95,75.36,64.30,43.23,155.20,67.98,54.51,80.79,46.63,66.66,40.29,66.84,65.79,65.13,60.96,62.63,58.65,59.83,54.94,75.41,54.72,54.12,79.15,87.83,188.66,93.45,43.46,46.17,59.35,93.31,62.75,37.31,45.83,48.52,67.49,68.57,89.11,61.88,49.17,52.82,48.14,35.44,64.06,66.32,95.77,55.05,47.80,43.79,77.49,47.83,48.46,71.51,50.55,34.46,39.08,50.45,129.04,67.21,67.38,68.19,37.99,38.72,39.14,62.09,39.35,87.77,42.03,42.33,39.17,40.68,32.79,135.36,76.38,163.68,35.47,51.99,60.11,66.91,37.47,42.80,36.50,94.21,58.40,33.53,39.79,30.28,56.83,38.71,39.77,37.73,37.20,39.80,46.87,40.14,66.93
L2 Access from DC Miss (pti),24.25,20.38,10.18,4.75,13.04,29.48,11.20,8.10,10.37,9.71,7.73,10.34,50.16,9.58,7.80,9.22,7.70,7.70,10.04,8.96,10.46,11.31,10.80,11.02,13.69,23.63,13.29,9.34,8.95,8.70,13.75,12.60,5.44,10.88,7.61,10.23,12.34,12.42,8.44,8.26,8.45,6.77,22.01,11.11,10.86,20.14,8.62,8.68,10.01,14.01,6.08,9.44,4.04,11.13,7.66,7.39,8.81,21.52,16.88,9.65,9.62,10.01,8.67,7.23,9.48,6.64,12.77,6.65,5.40,7.32,6.84,9.48,21.55,11.93,18.00,8.21,7.78,9.58,7.57,11.75,7.16,5.60,15.46,12.47,6.30,5.33,7.35,10.74,6.04,6.64,5.43,6.12,5.79,6.11,5.85,8.88
L2 Access from HWPF (pti),26.31,31.85,5.60,1.50,10.77,24.45,6.45,3.77,5.88,7.90,3.46,8.45,16.32,5.57,3.52,5.55,3.76,4.27,7.66,6.26,7.28,8.18,4.91,6.58,9.83,15.99,9.80,5.73,5.15,4.43,7.19,9.48,2.92,9.48,4.23,7.64,9.45,7.60,4.19,6.69,4.95,3.12,27.23,8.33,7.64,18.01,4.52,5.01,6.54,8.93,3.50,5.43,1.19,5.94,3.93,3.96,5.23,17.08,10.00,6.99,6.24,7.20,4.96,3.74,5.59,4.83,7.91,2.83,2.01,3.71,3.09,6.14,14.00,7.59,11.48,3.06,4.43,6.12,4.55,8.74,3.68,1.82,9.29,9.91,2.51,2.10,4.70,8.68,2.45,2.58,2.04,2.45,2.66,2.63,2.38,6.12
L2 Miss (pti),43.84,115.40,73.42,6.09,17.72,138.21,34.02,40.96,63.66,45.14,4.49,44.24,39.24,32.93,35.26,39.14,36.54,31.98,36.53,37.27,66.76,34.85,38.90,54.27,73.70,191.76,109.93,26.79,27.92,35.59,24.06,58.34,41.66,28.75,30.83,51.75,57.18,69.76,30.76,30.62,28.80,28.32,38.48,53.12,58.38,94.44,38.00,27.19,28.00,42.25,10.28,14.06,3.44,12.31,13.06,13.14,14.31,41.54,34.92,43.64,58.64,10.84,17.69,12.28,35.04,20.86,28.01,31.17,21.94,20.43,14.88,23.10,106.95,65.45,60.86,13.72,27.23,35.89,4.50,39.68,39.07,10.69,52.99,13.80,22.76,14.34,23.92,35.65,10.23,15.42,7.68,13.04,13.79,13.86,18.33,38.47
L2 Miss from IC Miss (pti),17.77,88.67,59.55,2.99,7.90,97.93,23.83,32.45,49.80,32.83,0.27,31.67,20.18,24.45,27.08,28.59,27.98,24.13,24.72,26.90,51.03,23.11,30.34,40.16,55.34,159.25,90.17,18.23,19.20,27.01,13.30,42.50,33.44,18.59,23.34,37.65,40.48,54.51,23.38,21.48,21.38,21.94,20.16,40.82,44.34,67.12,28.42,20.08,18.82,28.62,4.59,7.18,1.04,5.16,6.80,6.69,7.63,24.14,19.04,31.75,45.21,2.83,10.30,6.70,24.54,11.87,15.60,21.24,14.99,12.12,8.99,12.34,83.06,51.59,44.88,8.69,19.51,23.08,0.33,26.85,26.85,6.80,37.76,4.26,16.95,9.73,16.61,23.62,6.08,10.04,3.32,8.59,9.31,9.08,13.07,27.86
L2 Miss from DC Miss (pti),12.98,14.17,9.97,2.45,4.16,22.56,5.91,6.17,9.92,7.44,2.54,7.67,9.77,4.94,5.93,7.02,6.20,5.25,7.09,6.59,10.96,6.68,6.41,9.82,11.62,20.07,12.52,5.08,5.38,5.84,6.35,9.80,6.24,4.30,4.86,9.33,10.51,10.05,4.61,5.03,4.28,4.23,4.25,6.77,9.20,15.17,6.69,4.12,5.29,7.43,3.34,3.69,1.91,3.88,3.81,3.83,3.33,5.56,9.03,7.66,9.37,3.22,4.14,3.12,7.00,5.88,6.60,8.05,5.56,5.93,3.78,7.31,13.85,8.15,6.71,3.05,4.66,8.83,1.89,7.14,9.51,2.78,8.17,3.61,4.23,3.21,4.61,6.72,2.52,3.76,2.93,2.99,2.94,3.02,3.64,6.72
L2 Miss from HWPF (pti),13.09,12.55,3.90,0.65,5.65,17.72,4.28,2.34,3.94,4.87,1.68,4.90,9.29,3.55,2.25,3.52,2.36,2.60,4.72,3.78,4.77,5.06,2.14,4.29,6.73,12.45,7.24,3.48,3.34,2.74,4.41,6.05,1.99,5.86,2.63,4.77,6.19,5.20,2.77,4.10,3.14,2.15,14.07,5.52,4.84,12.16,2.88,2.98,3.90,6.20,2.35,3.19,0.49,3.27,2.45,2.63,3.35,11.84,6.85,4.23,4.06,4.78,3.25,2.46,3.50,3.11,5.81,1.88,1.39,2.38,2.11,3.45,10.04,5.71,9.27,1.97,3.07,3.99,2.28,5.70,2.71,1.11,7.07,5.93,1.58,1.40,2.70,5.31,1.63,1.62,1.43,1.46,1.54,1.75,1.61,3.89
L2 Hit (pti),26.60,63.77,53.53,69.44,64.89,65.12,45.36,48.26,49.24,42.51,73.19,23.58,79.53,40.39,37.60,47.17,41.00,41.25,41.77,51.08,51.22,43.41,48.69,45.17,46.03,60.63,56.61,41.78,36.87,41.41,71.32,56.52,28.55,34.18,41.30,47.56,43.62,54.08,38.57,38.81,35.91,37.23,51.38,43.32,53.69,49.93,49.18,37.00,31.42,51.27,38.78,47.93,73.44,61.78,40.32,49.46,53.01,28.71,48.27,54.98,58.13,51.53,49.31,49.80,52.90,46.74,32.15,35.45,40.68,34.19,46.95,45.79,69.07,47.20,43.87,35.76,43.43,48.42,74.50,41.25,23.21,39.02,41.49,43.03,49.66,43.97,38.71,40.74,38.82,33.29,39.95,38.72,46.21,37.73,41.17,50.92
L2 Hit from IC Miss (pti),3.53,40.16,48.55,66.32,53.95,52.64,40.90,40.01,42.79,36.38,66.35,17.73,22.92,34.97,35.19,40.45,39.25,33.19,37.68,43.14,43.33,36.46,43.67,39.64,39.00,50.95,47.78,35.26,33.20,35.47,71.69,50.12,25.95,29.06,38.22,41.72,37.76,44.80,33.91,31.02,29.40,32.22,34.19,36.64,47.39,38.19,42.60,32.52,16.34,44.02,35.13,44.94,70.98,55.05,38.01,46.71,47.34,21.81,40.30,49.09,51.95,44.59,45.40,47.41,46.18,44.77,28.39,29.12,38.18,30.79,45.35,40.68,57.36,43.16,40.11,29.87,39.92,43.24,66.77,35.68,20.45,36.30,35.09,32.72,44.92,40.55,32.62,33.75,32.99,29.22,34.78,32.01,45.01,36.37,38.58,45.54
L2 Hit from DC Miss (pti),9.81,4.01,3.06,2.39,8.33,5.79,3.25,3.19,3.76,3.00,5.06,2.31,49.11,3.27,2.25,3.04,2.43,3.27,2.84,3.41,3.82,3.73,2.40,3.94,4.46,5.60,3.98,4.20,3.24,2.09,8.37,2.67,1.09,2.20,2.63,3.31,3.70,4.32,2.62,3.71,2.64,2.36,1.90,3.01,3.43,5.69,3.21,1.68,12.09,4.22,2.04,3.37,1.76,5.73,1.88,2.22,2.51,1.66,7.38,2.63,3.45,3.15,2.04,2.41,4.02,2.20,2.39,2.68,1.95,3.36,1.61,2.76,7.80,3.20,2.20,1.83,2.83,3.91,5.46,2.53,1.84,1.96,2.49,3.09,1.82,2.37,2.93,3.24,2.18,2.61,2.32,2.39,1.82,1.15,1.78,2.64
L2 Hit from HWPF (pti),13.22,19.30,1.70,0.84,5.12,6.72,2.17,1.43,1.94,3.03,1.78,3.55,7.03,2.02,1.27,2.03,1.40,1.67,2.94,2.48,2.51,3.12,2.76,2.29,3.09,3.54,2.56,2.25,1.81,1.69,2.78,3.44,0.93,3.62,1.59,2.87,3.26,2.41,1.42,2.59,1.81,0.98,13.16,2.81,2.80,5.85,1.63,2.03,2.65,2.72,1.15,2.25,0.70,2.67,1.48,1.33,1.89,5.25,3.15,2.75,2.18,2.41,1.72,1.28,2.09,1.72,2.11,0.94,0.62,1.33,0.98,2.69,3.95,1.88,2.21,1.09,1.36,2.13,2.27,3.05,0.96,0.71,2.22,3.98,0.93,0.69,2.00,3.37,0.82,0.97,0.61,0.99,1.12,0.88,0.76,2.24


