
AMDuProfPcm Report

System:,Family(0x19) Model(0x1) Stepping(0x2)
Number of Sockets :,2
Number of CCDs :,16
Number of Cores :,48
Number of Threads :,96
SMT Enabled in HW:,True
SMT Enabled by OS :,True
Number of Threads sharing L3:,6

CPU Topology:
Socket, CCD, Core(s)
0,0, 0 1 2 48 49 50
0,1, 3 4 5 51 52 53
0,2, 6 7 8 54 55 56
0,3, 9 10 11 57 58 59
0,4, 12 13 14 60 61 62
0,5, 15 16 17 63 64 65
0,6, 18 19 20 66 67 68
0,7, 21 22 23 69 70 71
1,8, 24 25 26 72 73 74
1,9, 27 28 29 75 76 77
1,10, 30 31 32 78 79 80
1,11, 33 34 35 81 82 83
1,12, 36 37 38 84 85 86
1,13, 39 40 41 87 88 89
1,14, 42 43 44 90 91 92
1,15, 45 46 47 93 94 95

Core P0 state frequency (MHz):,2800.000000
Measured DF Frequency (MHz):,1230.638550
Multiplex interval (ms):,0
Version:,4.2.0

Hypervisor Info:
Hypervisor Enabled:,0

Abbreviation :
IPC    : Instructions Per CPU Cycle
CPI    : CPU Cycles Per Instructions
pti    : Per Thousand Instructions
ptc    : Per Thousand CPU Cycles

Profile Time: 2024/06/23 07:01:06:390
CORE METRICS
Metric,Core-0,Core-1,Core-2,Core-3,Core-4,Core-5,Core-6,Core-7,Core-8,Core-9,Core-10,Core-11,Core-12,Core-13,Core-14,Core-15,Core-16,Core-17,Core-18,Core-19,Core-20,Core-21,Core-22,Core-23,Core-24,Core-25,Core-26,Core-27,Core-28,Core-29,Core-30,Core-31,Core-32,Core-33,Core-34,Core-35,Core-36,Core-37,Core-38,Core-39,Core-40,Core-41,Core-42,Core-43,Core-44,Core-45,Core-46,Core-47,Core-48,Core-49,Core-50,Core-51,Core-52,Core-53,Core-54,Core-55,Core-56,Core-57,Core-58,Core-59,Core-60,Core-61,Core-62,Core-63,Core-64,Core-65,Core-66,Core-67,Core-68,Core-69,Core-70,Core-71,Core-72,Core-73,Core-74,Core-75,Core-76,Core-77,Core-78,Core-79,Core-80,Core-81,Core-82,Core-83,Core-84,Core-85,Core-86,Core-87,Core-88,Core-89,Core-90,Core-91,Core-92,Core-93,Core-94,Core-95
DC Fills From Same CCX (pti),22.24,17.36,11.42,11.84,2.33,27.58,6.20,6.27,10.64,8.59,6.62,9.86,45.71,14.80,5.88,6.97,5.92,8.27,7.09,4.76,9.95,6.83,6.24,9.62,13.75,27.83,18.41,20.84,7.29,7.73,11.68,8.50,5.34,7.65,7.09,8.86,11.54,6.40,7.60,8.07,8.18,6.05,8.50,8.74,13.88,16.86,7.44,6.08,4.25,6.34,4.73,9.25,13.59,6.21,5.02,6.09,5.27,23.61,12.34,8.13,10.63,6.70,8.68,5.61,14.60,6.90,8.55,9.60,7.52,4.93,7.14,11.97,17.97,15.83,20.65,7.25,8.99,10.38,6.49,11.51,6.72,5.45,11.93,8.39,6.08,4.65,7.57,9.25,6.07,6.15,6.41,6.17,4.72,3.93,8.54,10.37
DC Fills From different CCX in same node (pti),0.67,0.28,0.65,0.79,0.48,1.02,1.34,0.82,1.59,1.37,0.75,1.23,0.17,0.48,0.86,1.63,1.00,0.92,1.59,1.01,1.24,1.38,0.76,1.28,1.61,2.15,1.72,1.01,1.22,1.44,1.44,1.68,1.31,1.68,1.22,1.71,2.61,1.30,1.38,2.12,1.29,1.27,2.23,1.39,1.85,2.16,1.68,1.43,0.07,1.00,0.72,0.14,0.45,0.03,0.92,0.88,0.86,0.56,1.06,1.08,1.23,0.35,0.66,0.86,1.10,0.65,0.89,0.79,0.77,0.88,0.89,0.07,0.95,1.59,1.44,1.54,1.31,1.65,0.17,1.50,1.54,1.49,1.66,1.46,1.54,1.26,1.20,2.18,1.21,1.24,1.47,1.28,1.23,1.46,0.39,1.85
DC Fills From Local Memory (pti),0.84,0.89,0.97,0.66,0.11,0.30,1.24,0.72,1.20,2.22,0.07,1.39,0.93,1.77,0.66,1.15,0.86,0.99,1.10,0.65,1.33,1.56,1.33,1.59,1.67,1.77,2.07,0.69,1.11,1.16,2.37,1.04,0.87,1.67,1.26,1.82,1.87,0.88,0.96,1.61,0.96,0.90,1.81,1.12,1.57,2.70,2.14,1.47,0.25,0.88,0.78,0.78,1.16,0.35,1.16,0.87,1.30,3.97,2.57,1.40,1.28,0.91,0.90,0.78,2.00,0.94,1.26,1.19,0.97,1.29,1.60,2.59,0.92,1.88,1.29,1.24,1.56,1.32,0.05,1.79,1.25,1.53,2.38,2.31,0.94,0.80,0.99,1.63,0.82,0.96,1.21,1.26,1.14,1.38,1.04,2.30
DC Fills From Remote CCX Cache (pti),0.67,0.45,0.92,0.40,0.99,1.30,1.07,0.77,1.66,1.32,0.18,1.25,0.18,0.55,0.84,0.99,0.99,0.97,0.89,0.42,1.27,0.86,0.80,1.32,1.00,0.20,0.65,0.27,0.30,0.37,0.63,0.83,0.48,0.32,0.32,0.57,0.91,0.26,0.59,0.65,0.35,0.30,0.40,0.65,0.92,0.93,0.63,0.34,0.08,1.07,0.76,0.23,0.60,0.05,1.07,0.93,0.94,0.80,1.17,1.25,1.42,0.40,0.81,0.96,1.31,0.69,0.86,0.74,0.73,0.95,0.85,0.07,0.43,0.45,0.21,0.38,0.52,0.58,0.73,0.99,0.52,0.35,0.76,0.67,0.55,0.33,0.37,1.04,0.32,0.35,0.34,0.38,0.33,0.31,0.92,0.93
DC Fills From Remote Memory (pti),0.38,1.38,0.44,0.31,0.04,0.32,0.71,0.41,1.00,0.98,0.00,0.38,0.17,0.48,0.29,0.75,0.75,0.59,0.62,0.35,0.87,0.71,0.66,0.85,0.54,0.19,0.45,0.41,0.10,0.26,0.89,0.40,0.06,0.21,0.12,0.30,0.55,0.06,0.23,0.22,0.13,0.08,0.29,0.44,0.72,1.05,0.48,0.09,0.43,0.31,0.28,0.46,0.29,0.17,0.48,0.42,0.73,0.49,1.18,0.44,0.78,0.37,0.60,0.38,2.06,0.43,0.51,0.50,0.35,0.45,0.52,0.11,0.42,0.54,0.10,0.12,0.92,0.32,0.01,0.81,0.11,0.15,0.92,0.97,0.28,0.14,0.36,0.63,0.20,0.19,0.18,0.31,0.16,0.16,1.05,0.84
All DC Fills (pti),24.81,20.36,14.40,14.00,3.95,30.52,10.56,8.99,16.09,14.48,7.62,14.11,47.16,18.08,8.53,11.49,9.51,11.73,11.29,7.19,14.66,11.35,9.79,14.67,18.56,32.14,23.31,23.22,10.02,10.97,17.01,12.45,8.05,11.51,10.02,13.27,17.47,8.90,10.76,12.67,10.91,8.60,13.22,12.34,18.94,23.70,12.36,9.41,5.07,9.61,7.27,10.86,16.09,6.81,8.65,9.18,9.09,29.43,18.33,12.31,15.34,8.74,11.65,8.59,21.06,9.62,12.06,12.81,10.34,8.51,11.00,14.82,20.69,20.29,23.69,10.53,13.29,14.25,7.45,16.60,10.14,8.98,17.65,13.80,9.39,7.19,10.50,14.74,8.62,8.88,9.61,9.41,7.58,7.24,11.94,16.30


