
AMDuProfPcm Report

System:,Family(0x19) Model(0x1) Stepping(0x2)
Number of Sockets :,2
Number of CCDs :,16
Number of Cores :,48
Number of Threads :,96
SMT Enabled in HW:,True
SMT Enabled by OS :,True
Number of Threads sharing L3:,6

CPU Topology:
Socket, CCD, Core(s)
0,0, 0 1 2 48 49 50
0,1, 3 4 5 51 52 53
0,2, 6 7 8 54 55 56
0,3, 9 10 11 57 58 59
0,4, 12 13 14 60 61 62
0,5, 15 16 17 63 64 65
0,6, 18 19 20 66 67 68
0,7, 21 22 23 69 70 71
1,8, 24 25 26 72 73 74
1,9, 27 28 29 75 76 77
1,10, 30 31 32 78 79 80
1,11, 33 34 35 81 82 83
1,12, 36 37 38 84 85 86
1,13, 39 40 41 87 88 89
1,14, 42 43 44 90 91 92
1,15, 45 46 47 93 94 95

Core P0 state frequency (MHz):,2800.000000
Measured DF Frequency (MHz):,1231.011475
Multiplex interval (ms):,0
Version:,4.2.0

Hypervisor Info:
Hypervisor Enabled:,0

Abbreviation :
IPC    : Instructions Per CPU Cycle
CPI    : CPU Cycles Per Instructions
pti    : Per Thousand Instructions
ptc    : Per Thousand CPU Cycles

Profile Time: 2024/06/23 06:59:58:646
CORE METRICS
Metric,Core-0,Core-1,Core-2,Core-3,Core-4,Core-5,Core-6,Core-7,Core-8,Core-9,Core-10,Core-11,Core-12,Core-13,Core-14,Core-15,Core-16,Core-17,Core-18,Core-19,Core-20,Core-21,Core-22,Core-23,Core-24,Core-25,Core-26,Core-27,Core-28,Core-29,Core-30,Core-31,Core-32,Core-33,Core-34,Core-35,Core-36,Core-37,Core-38,Core-39,Core-40,Core-41,Core-42,Core-43,Core-44,Core-45,Core-46,Core-47,Core-48,Core-49,Core-50,Core-51,Core-52,Core-53,Core-54,Core-55,Core-56,Core-57,Core-58,Core-59,Core-60,Core-61,Core-62,Core-63,Core-64,Core-65,Core-66,Core-67,Core-68,Core-69,Core-70,Core-71,Core-72,Core-73,Core-74,Core-75,Core-76,Core-77,Core-78,Core-79,Core-80,Core-81,Core-82,Core-83,Core-84,Core-85,Core-86,Core-87,Core-88,Core-89,Core-90,Core-91,Core-92,Core-93,Core-94,Core-95
IC (32B) Fetch Miss Ratio,0.04,0.18,0.15,0.12,0.17,0.14,0.13,0.13,0.18,0.13,0.08,0.10,0.18,0.11,0.12,0.14,0.12,0.12,0.12,0.14,0.19,0.13,0.13,0.19,0.15,0.20,0.16,0.12,0.11,0.13,0.08,0.15,0.11,0.12,0.12,0.14,0.13,0.16,0.12,0.11,0.12,0.12,0.12,0.18,0.15,0.16,0.17,0.13,0.11,0.17,0.09,0.15,0.13,0.05,0.09,0.09,0.11,0.21,0.17,0.15,0.16,0.11,0.10,0.09,0.18,0.10,0.11,0.12,0.11,0.11,0.13,0.19,0.17,0.17,0.20,0.12,0.14,0.14,0.11,0.11,0.09,0.10,0.13,0.11,0.10,0.09,0.08,0.15,0.10,0.09,0.08,0.09,0.12,0.12,0.08,0.14
Op Cache (64B) Fetch Miss Ratio,0.41,0.44,0.42,0.69,0.69,0.42,0.65,0.57,0.68,0.64,0.67,0.62,0.45,0.66,0.65,0.65,0.61,0.65,0.64,0.51,0.68,0.64,0.60,0.69,0.65,0.78,0.56,0.65,0.65,0.68,0.67,0.65,0.65,0.64,0.64,0.67,0.36,0.60,0.63,0.67,0.60,0.36,0.54,0.62,0.63,0.63,0.65,0.66,0.36,0.60,0.63,0.64,0.63,0.35,0.66,0.67,0.54,0.70,0.45,0.68,0.67,0.62,0.65,0.66,0.65,0.66,0.46,0.49,0.37,0.45,0.68,0.52,0.62,0.71,0.76,0.51,0.56,0.57,0.61,0.63,0.64,0.65,0.66,0.65,0.66,0.61,0.67,0.65,0.64,0.66,0.62,0.64,0.48,0.45,0.67,0.64
IC Access (pti),418.55,378.33,342.80,539.78,981.23,367.34,685.69,571.05,803.73,718.68,616.29,672.44,375.88,674.21,658.52,704.65,605.24,681.88,649.69,424.78,843.18,667.16,625.37,880.41,766.69,1195.92,605.45,690.08,697.23,752.61,616.48,734.23,703.13,677.67,688.99,796.06,231.63,644.07,591.29,700.51,538.14,240.00,538.31,673.26,739.99,823.92,526.36,737.15,255.23,647.93,538.75,437.62,595.01,241.48,643.30,658.09,476.00,1032.87,243.42,829.23,808.09,603.89,618.05,626.13,772.82,639.19,346.61,385.71,244.42,355.52,738.18,436.33,668.03,928.42,1134.27,458.08,550.01,572.41,523.48,655.62,648.97,684.16,792.69,671.18,694.84,635.05,614.84,751.43,616.43,594.42,558.67,611.67,369.46,407.21,616.28,710.55
IC Miss (pti),14.87,67.45,49.91,62.16,166.84,52.45,90.13,74.54,146.78,96.45,51.57,66.51,68.78,76.22,79.04,99.92,70.15,82.83,81.20,58.51,159.17,87.28,83.54,167.01,112.83,238.94,98.73,80.58,79.61,94.19,51.15,107.71,75.05,79.82,80.82,114.70,29.65,103.01,73.03,78.36,62.37,29.87,65.90,121.11,108.76,135.49,87.82,95.18,27.91,111.97,49.11,64.50,77.50,12.55,56.68,60.54,52.01,217.17,40.80,127.81,132.57,65.97,60.72,58.38,136.86,61.17,38.37,45.50,27.14,39.70,92.64,82.82,115.64,157.54,225.98,56.48,77.87,82.38,57.49,69.06,59.44,66.23,106.25,76.16,66.87,58.16,50.57,109.05,60.23,53.43,43.38,57.90,45.32,50.53,50.49,100.54
DC Access (pti),374.83,368.68,329.98,438.69,560.87,397.23,486.61,490.17,517.86,507.18,464.03,503.36,449.42,482.81,491.00,485.08,464.45,483.13,480.46,422.58,520.48,477.37,507.10,528.37,507.57,592.87,489.50,488.46,473.08,504.08,465.25,517.81,488.36,484.39,487.96,527.44,361.34,498.91,475.89,484.95,436.24,327.21,421.23,518.15,514.96,517.69,467.13,497.09,356.80,494.50,452.85,432.87,484.80,332.50,467.76,461.97,449.31,568.83,381.42,536.56,516.82,493.78,481.41,466.60,495.86,470.59,446.83,411.65,382.28,422.79,492.18,482.76,532.95,530.91,584.08,466.63,484.67,486.34,463.78,466.47,469.09,479.57,508.87,478.43,470.63,465.80,465.24,515.01,476.92,479.12,468.08,474.46,468.85,454.06,465.72,516.54


