
AMDuProfPcm Report

System:,Family(0x19) Model(0x1) Stepping(0x2)
Number of Sockets :,2
Number of CCDs :,16
Number of Cores :,48
Number of Threads :,96
SMT Enabled in HW:,True
SMT Enabled by OS :,True
Number of Threads sharing L3:,6

CPU Topology:
Socket, CCD, Core(s)
0,0, 0 1 2 48 49 50
0,1, 3 4 5 51 52 53
0,2, 6 7 8 54 55 56
0,3, 9 10 11 57 58 59
0,4, 12 13 14 60 61 62
0,5, 15 16 17 63 64 65
0,6, 18 19 20 66 67 68
0,7, 21 22 23 69 70 71
1,8, 24 25 26 72 73 74
1,9, 27 28 29 75 76 77
1,10, 30 31 32 78 79 80
1,11, 33 34 35 81 82 83
1,12, 36 37 38 84 85 86
1,13, 39 40 41 87 88 89
1,14, 42 43 44 90 91 92
1,15, 45 46 47 93 94 95

Core P0 state frequency (MHz):,2800.000000
Measured DF Frequency (MHz):,214.696487
Multiplex interval (ms):,0
Version:,4.2.0

Hypervisor Info:
Hypervisor Enabled:,0

Abbreviation :
IPC    : Instructions Per CPU Cycle
CPI    : CPU Cycles Per Instructions
pti    : Per Thousand Instructions
ptc    : Per Thousand CPU Cycles

Profile Time: 2024/06/23 06:48:38:233
CORE METRICS
Metric,Core-0,Core-1,Core-2,Core-3,Core-4,Core-5,Core-6,Core-7,Core-8,Core-9,Core-10,Core-11,Core-12,Core-13,Core-14,Core-15,Core-16,Core-17,Core-18,Core-19,Core-20,Core-21,Core-22,Core-23,Core-24,Core-25,Core-26,Core-27,Core-28,Core-29,Core-30,Core-31,Core-32,Core-33,Core-34,Core-35,Core-36,Core-37,Core-38,Core-39,Core-40,Core-41,Core-42,Core-43,Core-44,Core-45,Core-46,Core-47,Core-48,Core-49,Core-50,Core-51,Core-52,Core-53,Core-54,Core-55,Core-56,Core-57,Core-58,Core-59,Core-60,Core-61,Core-62,Core-63,Core-64,Core-65,Core-66,Core-67,Core-68,Core-69,Core-70,Core-71,Core-72,Core-73,Core-74,Core-75,Core-76,Core-77,Core-78,Core-79,Core-80,Core-81,Core-82,Core-83,Core-84,Core-85,Core-86,Core-87,Core-88,Core-89,Core-90,Core-91,Core-92,Core-93,Core-94,Core-95
IC (32B) Fetch Miss Ratio,0.03,0.18,0.15,0.16,0.11,0.13,0.15,0.11,0.17,0.14,0.13,0.20,0.13,0.12,0.12,0.13,0.16,0.17,0.20,0.08,0.14,0.12,0.13,0.13,0.18,0.17,0.19,0.15,0.11,0.12,0.15,0.12,0.12,0.14,0.11,0.14,0.11,0.12,0.16,0.12,0.12,0.12,0.14,0.11,0.14,0.18,0.12,0.18,0.12,0.11,0.11,0.10,0.11,0.05,0.08,0.09,0.12,0.11,0.17,0.11,0.16,0.10,0.14,0.10,0.10,0.09,0.10,0.08,0.09,0.17,0.17,0.09,0.18,0.16,0.21,0.09,0.10,0.14,0.09,0.10,0.09,0.09,0.16,0.11,0.09,0.09,0.09,0.14,0.09,0.09,0.10,0.14,0.09,0.10,0.13,0.08
Op Cache (64B) Fetch Miss Ratio,0.40,0.47,0.58,0.58,0.61,0.44,0.65,0.67,0.64,0.64,0.45,0.51,0.60,0.65,0.66,0.64,0.39,0.62,0.61,0.67,0.64,0.62,0.46,0.64,0.69,0.63,0.73,0.50,0.65,0.67,0.58,0.65,0.64,0.64,0.65,0.64,0.62,0.47,0.66,0.64,0.65,0.64,0.46,0.69,0.52,0.53,0.66,0.65,0.41,0.57,0.48,0.66,0.64,0.35,0.67,0.65,0.63,0.67,0.64,0.68,0.63,0.65,0.67,0.66,0.66,0.66,0.64,0.67,0.63,0.67,0.69,0.66,0.50,0.69,0.75,0.66,0.66,0.63,0.66,0.62,0.65,0.66,0.47,0.66,0.65,0.62,0.64,0.64,0.65,0.65,0.66,0.60,0.67,0.66,0.65,0.67
IC Access (pti),375.47,432.99,619.22,610.15,622.44,397.62,713.12,675.84,770.29,693.89,416.08,582.91,634.71,648.25,698.95,679.63,349.19,746.29,691.53,611.14,737.70,599.93,419.89,740.98,874.75,686.99,1022.04,505.26,698.10,728.51,638.06,685.92,664.63,731.80,663.89,741.21,642.36,409.44,798.21,659.52,659.86,671.00,431.09,528.26,464.74,608.02,744.03,419.13,340.44,506.33,387.37,626.37,626.54,246.89,668.09,605.16,673.64,673.95,784.41,701.38,749.05,616.33,786.06,721.39,723.69,672.82,717.10,612.11,644.63,961.07,972.89,634.21,445.54,813.12,1139.99,646.74,694.69,675.07,618.89,608.85,627.69,599.71,434.10,655.75,637.22,587.73,580.33,711.13,611.47,619.70,653.35,401.58,660.42,759.04,776.77,611.84
IC Miss (pti),12.15,79.81,94.23,98.90,68.59,51.43,103.87,74.54,129.59,94.45,53.26,118.71,85.44,75.12,82.90,86.14,54.89,127.78,138.91,51.39,104.92,72.13,55.52,97.13,155.28,119.43,192.80,78.19,76.18,88.08,93.70,80.59,76.66,103.34,74.62,104.70,73.40,49.51,126.12,76.93,80.33,80.00,58.64,59.53,63.12,109.32,85.58,74.04,41.67,54.12,42.38,63.06,66.87,12.79,56.38,57.19,82.07,72.00,136.08,75.12,118.69,60.63,111.27,74.99,73.63,60.69,73.03,51.70,55.20,159.12,161.57,56.62,82.33,128.18,235.73,60.62,70.82,94.23,56.60,60.69,57.51,51.60,71.22,70.31,58.93,52.52,51.58,102.68,57.31,57.40,63.07,54.71,61.62,76.10,99.65,50.91
DC Access (pti),339.70,400.13,503.36,501.91,478.09,458.94,512.91,495.84,512.12,511.23,486.09,495.24,461.76,483.84,463.08,475.65,452.97,513.29,534.17,461.39,506.18,502.90,472.90,527.36,545.74,529.65,554.68,496.03,485.68,505.05,527.95,488.05,483.25,502.98,485.98,531.15,474.02,470.25,529.43,482.91,477.63,474.60,444.15,435.82,489.55,519.38,516.83,441.42,457.69,455.69,427.98,473.68,458.51,333.65,482.46,468.66,456.80,480.49,520.43,487.13,502.31,470.73,515.38,501.14,492.49,481.19,477.71,461.32,474.73,551.58,562.17,474.82,470.97,507.95,577.62,465.91,476.99,503.41,475.39,469.78,475.02,480.27,462.67,488.57,476.66,454.30,468.26,517.84,473.56,468.29,476.15,416.11,452.38,502.03,540.64,463.63


