
AMDuProfPcm Report

System:,Family(0x19) Model(0x1) Stepping(0x2)
Number of Sockets :,2
Number of CCDs :,16
Number of Cores :,48
Number of Threads :,96
SMT Enabled in HW:,True
SMT Enabled by OS :,True
Number of Threads sharing L3:,6

CPU Topology:
Socket, CCD, Core(s)
0,0, 0 1 2 48 49 50
0,1, 3 4 5 51 52 53
0,2, 6 7 8 54 55 56
0,3, 9 10 11 57 58 59
0,4, 12 13 14 60 61 62
0,5, 15 16 17 63 64 65
0,6, 18 19 20 66 67 68
0,7, 21 22 23 69 70 71
1,8, 24 25 26 72 73 74
1,9, 27 28 29 75 76 77
1,10, 30 31 32 78 79 80
1,11, 33 34 35 81 82 83
1,12, 36 37 38 84 85 86
1,13, 39 40 41 87 88 89
1,14, 42 43 44 90 91 92
1,15, 45 46 47 93 94 95

Core P0 state frequency (MHz):,2800.000000
Measured DF Frequency (MHz):,189.351105
Multiplex interval (ms):,500
Version:,4.2.0

Hypervisor Info:
Hypervisor Enabled:,0

Abbreviation :
IPC    : Instructions Per CPU Cycle
CPI    : CPU Cycles Per Instructions
pti    : Per Thousand Instructions
ptc    : Per Thousand CPU Cycles

Profile Time: 2024/06/23 06:48:59:992
CORE METRICS
Metric,Core-0,Core-1,Core-2,Core-3,Core-4,Core-5,Core-6,Core-7,Core-8,Core-9,Core-10,Core-11,Core-12,Core-13,Core-14,Core-15,Core-16,Core-17,Core-18,Core-19,Core-20,Core-21,Core-22,Core-23,Core-24,Core-25,Core-26,Core-27,Core-28,Core-29,Core-30,Core-31,Core-32,Core-33,Core-34,Core-35,Core-36,Core-37,Core-38,Core-39,Core-40,Core-41,Core-42,Core-43,Core-44,Core-45,Core-46,Core-47,Core-48,Core-49,Core-50,Core-51,Core-52,Core-53,Core-54,Core-55,Core-56,Core-57,Core-58,Core-59,Core-60,Core-61,Core-62,Core-63,Core-64,Core-65,Core-66,Core-67,Core-68,Core-69,Core-70,Core-71,Core-72,Core-73,Core-74,Core-75,Core-76,Core-77,Core-78,Core-79,Core-80,Core-81,Core-82,Core-83,Core-84,Core-85,Core-86,Core-87,Core-88,Core-89,Core-90,Core-91,Core-92,Core-93,Core-94,Core-95
L2 Access (pti),93.72,118.07,97.38,96.15,70.22,80.98,79.21,62.93,98.20,81.51,75.61,183.95,62.37,60.51,69.64,66.03,67.23,105.61,94.04,65.14,98.14,98.33,75.54,100.39,144.05,128.24,89.77,60.08,78.68,80.32,95.82,69.94,107.41,113.77,68.21,87.21,75.40,51.45,89.96,66.58,73.94,68.00,97.33,70.10,91.14,128.34,78.56,69.58,56.21,70.12,58.87,49.46,60.78,46.77,47.34,49.22,55.00,50.07,84.39,76.56,78.79,55.60,86.06,57.77,45.67,49.39,52.90,50.33,51.27,205.15,184.95,59.72,95.04,82.02,99.89,34.23,111.74,84.72,35.46,48.22,77.35,48.48,73.29,49.84,62.63,50.33,20.82,81.19,40.56,48.38,47.90,46.19,53.07,45.80,82.23,64.13
L2 Access from IC Miss (pti),6.91,73.26,76.13,74.81,52.22,55.64,57.83,44.82,76.52,60.18,57.46,140.42,50.07,45.15,55.29,53.01,51.87,80.57,64.99,46.41,70.61,64.32,55.93,71.92,107.51,95.22,67.34,44.80,66.88,65.16,74.72,56.51,81.49,86.31,54.50,67.97,59.79,42.73,68.50,47.19,55.27,51.15,70.29,57.48,69.19,88.53,63.81,56.19,43.20,53.82,39.65,38.37,47.05,32.33,37.73,40.18,38.27,33.19,59.02,71.91,61.76,44.37,68.49,44.69,36.78,39.60,43.45,40.64,40.03,146.11,136.04,43.35,41.30,67.40,83.08,30.47,86.19,72.16,32.03,41.15,65.85,39.25,58.02,39.07,51.50,41.57,14.35,66.42,31.62,38.36,38.45,35.16,42.72,38.36,66.53,47.11
L2 Access from DC Miss (pti),42.92,19.31,12.87,11.30,9.31,13.16,12.27,9.69,11.66,12.11,11.21,24.94,7.53,8.10,7.78,6.89,8.87,12.93,14.86,10.98,13.94,19.07,11.53,14.92,19.73,20.67,12.55,9.92,7.21,8.71,11.74,9.65,13.34,14.58,9.59,10.34,10.40,6.45,13.14,12.71,11.72,11.29,14.39,8.94,11.49,20.07,9.48,9.24,7.33,9.46,11.82,6.67,8.38,6.03,6.34,5.68,9.11,10.57,13.10,3.71,9.55,5.21,10.38,6.05,6.22,5.81,6.78,7.13,6.36,32.68,26.61,9.08,41.86,8.08,10.25,4.78,14.65,8.65,4.82,6.63,7.23,5.33,9.00,6.59,7.92,5.42,4.70,8.44,5.25,5.17,5.65,5.59,6.05,5.47,8.69,9.76
L2 Access from HWPF (pti),43.89,25.06,7.06,9.42,4.98,10.07,8.79,6.13,8.83,8.22,6.27,17.99,5.51,5.27,3.44,3.33,5.20,9.24,12.81,6.91,11.77,14.39,7.23,11.09,17.70,12.39,9.27,6.26,4.59,5.26,10.74,4.44,6.05,13.21,5.00,8.74,6.75,3.35,9.77,8.86,6.54,5.76,12.47,4.77,10.41,18.55,5.36,4.90,3.03,4.48,6.31,3.00,4.29,3.47,2.39,2.39,5.65,5.76,9.99,0.84,6.68,2.18,6.05,3.41,2.30,3.35,2.71,3.14,2.63,26.16,21.69,5.40,11.83,5.22,5.87,1.98,7.14,6.06,1.97,3.73,4.27,2.21,5.24,2.71,4.49,1.90,1.82,6.23,2.04,2.59,2.96,4.92,3.06,2.15,5.16,6.32
L2 Miss (pti),64.90,85.48,30.89,53.36,28.74,33.77,44.69,29.97,63.33,28.37,42.45,22.28,33.22,32.05,31.82,29.76,31.17,58.67,55.72,34.57,56.00,43.65,27.07,57.81,104.36,55.91,89.56,52.96,4.18,45.58,57.98,47.31,26.39,46.66,28.64,49.67,32.95,18.99,43.82,27.04,46.26,22.35,41.23,22.96,48.49,91.15,29.56,28.61,11.70,16.92,16.18,13.88,13.92,16.68,41.61,10.42,23.16,34.05,63.18,3.02,59.75,11.90,9.50,13.55,11.18,14.46,15.49,13.41,16.90,132.58,131.90,16.40,47.27,47.47,154.17,48.24,27.58,44.35,42.30,50.60,3.96,18.20,16.57,36.44,18.60,12.95,14.14,51.16,11.72,18.37,11.02,13.37,21.99,12.26,41.11,20.65
L2 Miss from IC Miss (pti),28.73,63.67,23.29,40.88,21.08,22.72,31.18,20.25,49.87,18.62,31.21,6.08,24.37,22.44,22.43,21.84,22.28,44.74,38.65,24.60,41.38,27.96,18.84,43.16,79.34,41.93,72.13,40.33,0.35,34.00,41.49,38.11,15.86,31.39,22.11,36.57,23.80,13.30,30.29,19.29,37.25,15.79,24.40,16.51,32.83,65.65,21.23,21.21,6.41,9.66,8.89,8.01,8.31,8.72,33.01,5.69,15.12,24.77,49.44,0.81,46.96,6.66,1.55,7.82,6.43,8.65,10.25,8.10,11.94,90.36,93.93,7.87,28.72,36.13,133.47,39.67,16.32,32.55,34.42,40.88,0.30,12.26,9.95,27.10,10.56,7.95,9.65,38.72,6.39,12.04,5.25,5.63,16.00,6.38,29.41,11.48
L2 Miss from DC Miss (pti),24.32,10.74,2.88,6.68,4.70,6.08,8.07,6.13,7.91,5.12,7.77,4.30,5.50,6.24,7.03,5.72,5.81,8.14,9.18,5.74,7.53,6.79,4.00,8.62,13.35,8.39,11.33,8.61,1.53,7.99,9.86,6.71,6.78,7.30,4.27,7.88,5.36,3.55,7.96,4.08,6.35,4.03,8.97,3.86,9.25,13.51,5.44,4.89,3.46,4.01,3.97,3.95,3.38,5.70,7.01,3.25,4.43,5.84,7.77,1.93,8.71,3.75,3.34,3.45,3.21,3.72,3.64,3.45,3.37,23.27,22.37,5.53,12.28,7.65,16.20,6.85,6.89,7.80,6.14,7.02,1.48,4.50,3.11,7.76,5.31,3.75,3.83,8.48,4.02,4.64,3.86,3.98,4.13,4.53,8.33,5.35
L2 Miss from HWPF (pti),11.85,11.06,4.72,5.80,2.96,4.96,5.44,3.59,5.55,4.63,3.47,11.90,3.35,3.37,2.36,2.19,3.08,5.80,7.88,4.23,7.09,8.91,4.23,6.03,11.67,5.58,6.10,4.02,2.30,3.58,6.63,2.48,3.75,7.97,2.26,5.21,3.79,2.14,5.58,3.67,2.66,2.53,7.85,2.59,6.42,11.99,2.90,2.51,1.83,3.25,3.33,1.92,2.23,2.26,1.59,1.48,3.62,3.45,5.97,0.28,4.08,1.50,4.60,2.28,1.54,2.09,1.60,1.86,1.58,18.95,15.59,2.99,6.27,3.69,4.50,1.72,4.36,4.00,1.73,2.70,2.17,1.44,3.51,1.58,2.74,1.25,0.66,3.96,1.31,1.69,1.91,3.76,1.86,1.35,3.37,3.83
L2 Hit (pti),48.95,59.03,28.02,49.83,39.95,39.74,43.82,39.45,52.73,46.45,31.99,64.77,35.94,36.29,39.44,41.16,38.46,50.36,41.59,42.07,48.62,56.69,45.14,52.32,47.58,79.52,45.31,41.48,74.25,30.71,53.06,30.68,73.74,41.54,39.40,42.13,38.73,37.46,44.56,39.52,51.37,40.68,50.42,40.99,39.98,53.28,37.72,39.13,44.88,50.50,50.16,46.79,46.93,45.20,51.18,43.36,44.86,50.88,63.95,73.75,49.93,48.87,45.52,50.72,45.28,50.47,55.03,42.19,48.60,66.12,66.43,46.31,102.08,56.05,59.89,29.48,66.02,53.16,27.25,32.96,73.21,41.94,42.50,48.46,42.99,37.17,40.57,51.04,35.21,32.16,38.36,33.93,44.25,38.60,51.59,47.26
L2 Hit from IC Miss (pti),2.06,37.06,5.69,42.43,36.76,32.31,37.63,35.43,45.11,42.05,15.98,54.46,33.61,33.45,36.39,36.75,32.53,43.28,32.11,34.61,39.07,46.29,38.34,42.78,37.44,60.10,36.63,34.61,66.40,25.61,45.72,27.22,69.38,32.39,34.40,33.51,30.39,34.13,36.30,32.05,42.48,35.16,37.98,35.65,33.37,42.35,32.48,32.68,39.12,43.31,42.99,42.64,40.36,39.63,46.40,40.63,39.44,44.17,55.23,71.49,42.56,43.20,40.35,47.11,40.46,42.94,50.76,37.26,41.86,51.83,55.50,43.13,30.41,52.40,55.22,27.51,67.69,47.92,25.88,30.02,65.49,38.96,38.29,42.08,35.06,32.71,36.87,45.92,31.29,30.41,32.90,28.66,40.18,34.50,45.52,40.05
L2 Hit from DC Miss (pti),14.82,7.77,19.92,3.15,3.00,3.10,3.40,3.31,3.05,3.74,13.74,10.34,2.39,2.30,3.24,4.38,2.91,3.23,4.55,3.59,3.83,6.06,4.07,4.24,5.15,12.52,3.76,4.56,5.56,2.76,3.14,1.61,8.66,3.77,1.65,3.51,3.14,2.60,3.17,2.62,2.85,2.48,7.18,2.24,3.04,5.82,2.91,2.48,3.82,3.44,2.25,2.66,3.34,3.06,2.90,2.51,2.66,3.86,3.87,1.71,3.59,2.64,3.10,3.79,2.91,2.46,2.89,3.11,2.71,7.22,4.77,2.47,65.82,3.12,3.51,1.23,8.28,3.03,1.27,1.69,5.62,2.65,1.68,5.31,3.64,3.31,3.25,3.58,2.53,2.31,3.93,2.33,3.02,2.60,3.98,3.55
L2 Hit from HWPF (pti),32.04,14.00,2.34,3.62,2.02,5.10,3.35,2.54,3.28,3.58,2.80,6.09,2.16,1.90,1.07,1.14,2.12,3.45,4.93,2.68,4.68,5.48,3.00,5.06,6.04,6.81,3.16,2.24,2.29,1.68,4.11,1.96,2.29,5.23,2.74,3.53,2.96,1.21,4.20,5.19,3.88,3.23,4.62,2.18,3.99,6.56,2.46,2.39,1.20,1.22,2.98,1.07,2.06,1.21,0.80,0.91,2.03,2.31,4.02,0.56,2.60,0.68,1.45,1.12,0.75,1.26,1.11,1.29,1.05,7.21,6.10,2.41,5.57,1.53,1.37,0.25,2.78,2.06,0.24,1.03,2.10,0.77,1.73,1.13,1.75,0.65,1.15,2.28,0.73,0.90,1.05,1.16,1.19,0.80,1.78,2.50


