
AMDuProfPcm Report

System:,Family(0x19) Model(0x1) Stepping(0x2)
Number of Sockets :,2
Number of CCDs :,16
Number of Cores :,48
Number of Threads :,96
SMT Enabled in HW:,True
SMT Enabled by OS :,True
Number of Threads sharing L3:,6

CPU Topology:
Socket, CCD, Core(s)
0,0, 0 1 2 48 49 50
0,1, 3 4 5 51 52 53
0,2, 6 7 8 54 55 56
0,3, 9 10 11 57 58 59
0,4, 12 13 14 60 61 62
0,5, 15 16 17 63 64 65
0,6, 18 19 20 66 67 68
0,7, 21 22 23 69 70 71
1,8, 24 25 26 72 73 74
1,9, 27 28 29 75 76 77
1,10, 30 31 32 78 79 80
1,11, 33 34 35 81 82 83
1,12, 36 37 38 84 85 86
1,13, 39 40 41 87 88 89
1,14, 42 43 44 90 91 92
1,15, 45 46 47 93 94 95

Core P0 state frequency (MHz):,2800.000000
Measured DF Frequency (MHz):,269.649200
Multiplex interval (ms):,0
Version:,4.2.0

Hypervisor Info:
Hypervisor Enabled:,0

Abbreviation :
IPC    : Instructions Per CPU Cycle
CPI    : CPU Cycles Per Instructions
pti    : Per Thousand Instructions
ptc    : Per Thousand CPU Cycles

Profile Time: 2024/06/23 06:47:52:775
CORE METRICS
Metric,Core-0,Core-1,Core-2,Core-3,Core-4,Core-5,Core-6,Core-7,Core-8,Core-9,Core-10,Core-11,Core-12,Core-13,Core-14,Core-15,Core-16,Core-17,Core-18,Core-19,Core-20,Core-21,Core-22,Core-23,Core-24,Core-25,Core-26,Core-27,Core-28,Core-29,Core-30,Core-31,Core-32,Core-33,Core-34,Core-35,Core-36,Core-37,Core-38,Core-39,Core-40,Core-41,Core-42,Core-43,Core-44,Core-45,Core-46,Core-47,Core-48,Core-49,Core-50,Core-51,Core-52,Core-53,Core-54,Core-55,Core-56,Core-57,Core-58,Core-59,Core-60,Core-61,Core-62,Core-63,Core-64,Core-65,Core-66,Core-67,Core-68,Core-69,Core-70,Core-71,Core-72,Core-73,Core-74,Core-75,Core-76,Core-77,Core-78,Core-79,Core-80,Core-81,Core-82,Core-83,Core-84,Core-85,Core-86,Core-87,Core-88,Core-89,Core-90,Core-91,Core-92,Core-93,Core-94,Core-95
Utilization (%),0.53,0.30,0.05,0.07,0.02,0.03,0.03,0.03,0.07,0.04,0.03,0.06,0.12,0.02,0.02,0.03,0.04,0.07,99.85,0.01,0.01,0.06,0.04,0.06,0.06,0.51,1.51,0.06,0.01,99.86,0.02,0.07,0.02,0.04,0.02,0.06,0.03,0.02,0.06,0.03,0.03,0.03,0.04,0.02,0.05,0.04,0.03,0.03,0.03,0.02,0.03,0.02,0.03,0.11,0.02,0.02,0.03,0.02,0.07,0.02,0.07,0.02,0.03,0.02,0.02,0.02,0.01,0.05,0.01,0.67,0.19,0.03,0.47,0.04,0.08,0.01,0.01,0.01,0.02,0.02,0.02,0.02,0.08,0.02,0.02,0.03,0.03,0.06,0.03,0.03,0.02,0.02,0.03,0.02,0.02,0.09
Eff Freq,7.96,4.56,0.81,1.02,0.36,0.47,0.48,0.40,1.01,0.67,0.52,0.94,1.74,0.31,0.36,0.38,0.53,1.11,3718.37,0.36,0.27,0.92,0.58,0.91,0.98,7.67,23.51,1.90,0.25,3718.89,0.35,1.01,0.25,0.54,0.31,0.89,0.45,0.24,0.88,0.41,0.43,0.47,0.67,0.38,0.80,0.59,0.48,0.42,0.38,0.30,0.38,0.29,0.40,1.60,0.31,0.32,0.51,0.30,1.05,0.32,1.01,0.29,0.41,0.33,0.28,0.28,0.33,1.49,0.26,10.08,2.82,0.43,7.45,0.59,1.23,0.33,0.28,0.24,0.24,0.33,0.29,0.26,1.16,0.30,0.34,0.48,0.41,0.86,0.44,0.42,0.26,0.26,0.51,0.37,0.30,1.43
IPC (Sys + User),0.73,0.64,0.38,0.21,0.31,0.32,0.31,0.32,0.20,0.28,0.29,0.25,0.37,0.31,0.31,0.29,0.31,0.26,0.55,0.22,0.25,0.42,0.32,0.29,0.35,0.57,0.50,0.24,0.27,0.54,0.31,0.28,0.34,0.33,0.30,0.31,0.32,0.32,0.28,0.30,0.30,0.29,0.27,0.29,0.29,0.32,0.31,0.31,0.50,0.31,0.29,0.32,0.31,1.22,0.33,0.34,0.36,0.32,0.27,0.32,0.22,0.34,0.32,0.33,0.33,0.34,0.20,0.19,0.26,0.37,0.38,0.29,0.45,0.33,0.28,0.23,0.26,0.22,0.36,0.39,0.35,0.36,0.38,0.35,0.36,0.34,0.32,0.28,0.30,0.32,0.35,0.35,0.44,0.31,0.36,0.31
CPI (Sys + User),1.38,1.55,2.60,4.77,3.24,3.15,3.20,3.14,4.99,3.54,3.46,4.04,2.74,3.20,3.22,3.39,3.20,3.83,1.82,4.57,4.03,2.41,3.11,3.41,2.88,1.76,1.99,4.19,3.74,1.84,3.20,3.56,2.93,3.05,3.34,3.20,3.17,3.09,3.64,3.36,3.38,3.40,3.66,3.43,3.43,3.12,3.26,3.20,2.01,3.19,3.39,3.10,3.27,0.82,2.99,2.98,2.77,3.15,3.73,3.09,4.50,2.93,3.10,3.02,3.01,2.93,4.90,5.22,3.81,2.68,2.65,3.46,2.22,2.99,3.57,4.36,3.81,4.52,2.78,2.58,2.86,2.78,2.62,2.83,2.76,2.91,3.12,3.57,3.31,3.17,2.88,2.88,2.25,3.23,2.81,3.21
Branch Misprediction Ratio,0.10,0.08,0.10,0.17,0.15,0.14,0.15,0.16,0.16,0.15,0.15,0.19,0.11,0.16,0.16,0.15,0.15,0.16,0.14,0.16,0.15,0.11,0.15,0.16,0.18,0.13,0.10,0.14,0.15,0.14,0.15,0.15,0.16,0.15,0.16,0.16,0.15,0.16,0.16,0.15,0.15,0.16,0.16,0.15,0.16,0.15,0.16,0.16,0.08,0.16,0.14,0.15,0.15,0.07,0.15,0.15,0.14,0.15,0.15,0.15,0.16,0.16,0.16,0.16,0.15,0.15,0.14,0.15,0.14,0.20,0.19,0.14,0.08,0.16,0.21,0.15,0.16,0.15,0.16,0.14,0.16,0.16,0.14,0.16,0.16,0.15,0.15,0.16,0.14,0.15,0.16,0.16,0.12,0.15,0.16,0.17


