
AMDuProfPcm Report

System:,Family(0x19) Model(0x1) Stepping(0x2)
Number of Sockets :,2
Number of CCDs :,16
Number of Cores :,48
Number of Threads :,96
SMT Enabled in HW:,True
SMT Enabled by OS :,True
Number of Threads sharing L3:,6

CPU Topology:
Socket, CCD, Core(s)
0,0, 0 1 2 48 49 50
0,1, 3 4 5 51 52 53
0,2, 6 7 8 54 55 56
0,3, 9 10 11 57 58 59
0,4, 12 13 14 60 61 62
0,5, 15 16 17 63 64 65
0,6, 18 19 20 66 67 68
0,7, 21 22 23 69 70 71
1,8, 24 25 26 72 73 74
1,9, 27 28 29 75 76 77
1,10, 30 31 32 78 79 80
1,11, 33 34 35 81 82 83
1,12, 36 37 38 84 85 86
1,13, 39 40 41 87 88 89
1,14, 42 43 44 90 91 92
1,15, 45 46 47 93 94 95

Core P0 state frequency (MHz):,2800.000000
Measured DF Frequency (MHz):,220.093658
Multiplex interval (ms):,0
Version:,4.2.0

Hypervisor Info:
Hypervisor Enabled:,0

Abbreviation :
IPC    : Instructions Per CPU Cycle
CPI    : CPU Cycles Per Instructions
pti    : Per Thousand Instructions
ptc    : Per Thousand CPU Cycles

Profile Time: 2024/06/23 06:49:56:644
CORE METRICS
Metric,Core-0,Core-1,Core-2,Core-3,Core-4,Core-5,Core-6,Core-7,Core-8,Core-9,Core-10,Core-11,Core-12,Core-13,Core-14,Core-15,Core-16,Core-17,Core-18,Core-19,Core-20,Core-21,Core-22,Core-23,Core-24,Core-25,Core-26,Core-27,Core-28,Core-29,Core-30,Core-31,Core-32,Core-33,Core-34,Core-35,Core-36,Core-37,Core-38,Core-39,Core-40,Core-41,Core-42,Core-43,Core-44,Core-45,Core-46,Core-47,Core-48,Core-49,Core-50,Core-51,Core-52,Core-53,Core-54,Core-55,Core-56,Core-57,Core-58,Core-59,Core-60,Core-61,Core-62,Core-63,Core-64,Core-65,Core-66,Core-67,Core-68,Core-69,Core-70,Core-71,Core-72,Core-73,Core-74,Core-75,Core-76,Core-77,Core-78,Core-79,Core-80,Core-81,Core-82,Core-83,Core-84,Core-85,Core-86,Core-87,Core-88,Core-89,Core-90,Core-91,Core-92,Core-93,Core-94,Core-95
DC Fills From Same CCX (pti),26.25,17.91,13.16,10.43,4.63,6.58,7.02,5.20,9.79,9.93,8.17,19.12,9.38,4.44,6.65,7.04,7.00,7.94,12.62,6.62,8.55,13.91,8.76,10.99,18.09,21.60,19.61,11.73,7.82,17.11,10.53,6.45,7.56,12.00,8.63,10.34,7.95,9.61,9.57,8.15,8.64,8.30,12.78,9.71,8.90,20.43,8.04,2.32,13.42,14.68,8.14,6.67,8.51,5.89,4.14,5.56,5.84,13.46,11.74,6.01,8.73,6.46,5.54,6.11,7.42,4.33,5.89,15.40,5.09,29.35,23.75,8.01,58.13,8.97,13.53,6.21,6.01,7.32,5.46,5.31,6.03,6.49,10.79,7.08,4.70,9.36,4.53,8.20,7.78,7.01,6.64,5.96,8.67,11.47,13.26,8.94
DC Fills From different CCX in same node (pti),0.58,0.20,0.73,1.55,0.91,1.10,1.25,0.85,1.13,1.23,0.94,0.73,1.21,1.01,1.13,0.93,0.91,1.01,1.33,0.02,0.92,0.57,0.86,0.82,1.36,0.35,0.59,2.31,1.51,1.55,2.40,1.56,1.42,1.96,1.26,1.80,1.75,1.37,1.86,2.06,1.50,1.42,1.86,1.47,1.87,1.63,1.00,1.09,0.63,0.43,0.67,1.15,0.88,0.07,0.71,0.73,0.71,0.96,1.01,0.67,1.07,0.78,0.74,0.73,1.01,0.73,0.92,1.10,0.94,0.89,0.75,0.62,0.32,1.49,0.88,1.90,1.70,0.59,1.50,1.09,1.12,1.20,1.16,1.15,1.31,1.12,0.16,1.72,1.24,1.17,1.52,1.20,1.53,0.80,1.72,0.49
DC Fills From Local Memory (pti),0.77,0.90,0.93,1.55,0.83,0.67,1.43,0.97,1.33,1.93,1.23,4.41,1.19,0.93,0.84,0.79,0.85,1.23,1.41,0.05,1.03,3.38,1.55,1.25,1.56,0.42,0.57,1.24,1.24,2.24,1.80,0.83,0.97,1.52,1.03,1.62,1.33,0.92,1.33,1.29,0.95,0.73,2.22,1.14,1.34,2.36,2.04,0.11,1.48,1.76,0.71,1.33,0.95,0.38,0.81,0.97,1.45,1.77,2.04,1.30,1.17,0.75,0.81,0.70,1.12,0.67,1.16,1.28,1.29,0.20,0.39,1.05,0.36,1.27,0.87,1.07,1.07,0.05,0.91,1.31,0.90,1.05,1.93,1.42,0.68,0.81,0.30,1.37,0.63,0.63,0.97,0.90,1.19,1.36,2.09,1.93
DC Fills From Remote CCX Cache (pti),0.71,0.37,1.12,1.34,1.23,2.07,1.08,1.09,1.27,1.14,1.05,1.00,0.89,1.39,1.64,1.22,1.22,1.19,1.05,0.56,1.17,0.66,1.12,1.20,0.65,0.12,0.17,0.54,0.37,0.47,0.89,0.34,0.28,0.44,0.32,0.60,0.33,0.27,0.59,0.36,0.51,0.34,0.36,0.36,0.51,0.44,0.18,0.40,0.73,0.62,0.87,1.66,1.14,0.10,0.89,0.95,0.86,1.90,1.14,0.77,1.34,1.00,0.83,0.90,1.17,0.94,1.37,1.45,1.31,1.42,1.22,0.82,0.10,0.34,1.00,0.40,0.60,0.02,0.57,0.16,0.18,0.32,0.22,0.25,0.32,0.28,0.04,0.46,0.25,0.28,0.30,0.28,0.78,0.49,0.55,0.06
DC Fills From Remote Memory (pti),0.41,1.66,0.62,1.02,0.29,0.36,0.84,0.32,0.92,0.57,0.92,0.78,0.96,0.45,0.63,0.63,0.29,0.80,0.80,0.00,0.55,0.65,0.73,0.39,0.65,0.14,0.24,0.41,0.39,0.27,0.55,0.08,0.06,0.46,0.07,0.42,0.15,0.40,0.59,0.16,0.22,0.09,0.78,0.39,0.56,0.75,0.61,0.07,1.11,2.38,0.37,1.06,0.43,0.22,0.30,0.25,0.63,2.02,0.99,0.35,0.85,0.45,0.49,0.35,0.79,0.25,0.16,0.12,0.15,0.21,0.28,0.58,1.31,0.31,0.29,0.09,0.30,0.00,0.16,0.31,0.10,0.15,0.86,0.62,0.14,0.25,0.13,0.45,0.08,0.10,0.15,0.14,0.39,0.31,0.90,0.40
All DC Fills (pti),28.72,21.03,16.56,15.89,7.88,10.78,11.62,8.43,14.45,14.81,12.30,26.03,13.63,8.22,10.88,10.62,10.27,12.18,17.21,7.26,12.22,19.16,13.02,14.65,22.32,22.63,21.18,16.23,11.33,21.65,16.16,9.27,10.28,16.37,11.30,14.79,11.49,12.59,13.95,12.02,11.82,10.88,18.00,13.07,13.18,25.61,11.86,3.99,17.36,19.87,10.76,11.87,11.91,6.66,6.85,8.45,9.49,20.10,16.92,9.10,13.15,9.43,8.40,8.78,11.51,6.92,9.49,19.34,8.78,32.07,26.40,11.06,60.22,12.38,16.58,9.66,9.69,7.99,8.60,8.19,8.33,9.22,14.97,10.53,7.15,11.82,5.16,12.21,9.99,9.19,9.58,8.49,12.55,14.43,18.51,11.82


